Transaction Date,Value Date,Particulars,Cheque No.,Debit,Credit,Balance
03-Feb-2019,03-Feb-2019,"IMPS-RIB/Fund Trf/903415349596/Paymentforsalary",,"2,200.00",,280.31
03-Feb-2019,03-Feb-2019,"IMPS-RIB/FT-REV/903415349596/Paymentforsalary",,,"2,200.00","2,480.31"
04-Feb-2019,04-Feb-2019,"IMPS-RIB/Fund Trf/903514406556/Paymentforsalary",,"2,200.00",,280.31
12-Feb-2019,12-Feb-2019,"IMPS-INET/Fund Trf/904320023197/AmitAnilBansode/EKO",,,"2,200.00","2,480.31"
13-Feb-2019,13-Feb-2019,POS-VISA/MANSI MEDICARE/904417742636,,120.00,,"2,360.31"
14-Feb-2019,14-Feb-2019,"ATM-NFS/CASH WITHDRAWAL/HOTEL NEETA/904501003547",,200.00,,"2,160.31"
14-Feb-2019,14-Feb-2019,"ATM-NFS/CASH WITHDRAWAL/HOTEL NEETA/904502003548",,"2,000.00",,160.31
17-Feb-2019,17-Feb-2019,UPI/MOB/904900396843/Pay for medical,,24.00,,136.31
18-Feb-2019,18-Feb-2019,"UPI/MOB/904912046883/Payment for madicin",,80.00,,56.31
27-Feb-2019,27-Feb-2019,"IMPS-MOB/Fund Trf/905800031399/RID24SP/Payforchandrakant",,,"3,000.00","3,056.31"
27-Feb-2019,27-Feb-2019,"ATM-NFS/CASHWITHDRAWAL/+HUGHESROAD/905813031795",,"3,000.00",,56.31
02-Mar-2019,02-Mar-2019,APB-INW/HP644950 098236 2702,,,138.81,195.12
03-Mar-2019,03-Mar-2019,"UPI/MOB/906276052721/Payment made to Merchant",,80.00,,115.12
05-Mar-2019,05-Mar-2019,"UPI/MOB/906457345895/Payment from PhonePe",,,"1,800.00","1,915.12"
06-Mar-2019,06-Mar-2019,"UPI/MOB/906540003838/Payment for salary",,"1,000.00",,915.12
08-Mar-2019,08-Mar-2019,"UPI/MOB/906764615249/Rajeshbasavraj godal",,,"3,900.00","4,815.12"
08-Mar-2019,08-Mar-2019,"UPI/MOB/906784098868/Payment made to Merchant",,90.00,,"4,725.12"
09-Mar-2019,09-Mar-2019,"UPI/MOB/906860406308/Payment from PhonePe",,50.00,,"4,675.12"
10-Mar-2019,10-Mar-2019,"UPI/MOB/906945474387/Payment made to Merchant",,80.00,,"4,595.12"
10-Mar-2019,10-Mar-2019,Payment for material,,600.00,,"3,995.12"
11-Mar-2019,11-Mar-2019,"UPI/MOB/907030799340/Payment from PhonePe",,80.00,,"3,915.12"
11-Mar-2019,11-Mar-2019,"UPI/MOB/907019957680/Verified Merchant",,79.00,,"3,836.12"
11-Mar-2019,11-Mar-2019,"ATM-NFS/CASH WITHDRAWAL/+NR DEONARCOLONY/90701900",,"2,000.00",,"1,836.12"
11-Mar-2019,11-Mar-2019,"POS-VISA/SHRIKANT LINGAM DASPELMUMBAI/907015440275",,650.00,,"1,186.12"
11-Mar-2019,11-Mar-2019,"POS-VISA/Clues Network Private Gurgaon /9071055942",,450.00,,736.12
