Transaction Date,Value Date,Particulars,Cheque No.,Debit,Credit,Balance
24-Oct-2018,24-Oct-2018,"Charge:Cash Wdl at other ATM/Inv2710181933121001/1",,20.00,,38.54
24-Oct-2018,24-Oct-2018,"CGST on Charge:Cash Wdl at other ATM/Inv2710181933",,1.80,,36.74
24-Oct-2018,24-Oct-2018,"SGST on Charge:Cash Wdl at other ATM/Inv2710181933",,1.80,,34.94
24-Oct-2018,24-Oct-2018,"Charge:Cash Wdl at other ATM/Inv2710181936795421/2",,20.00,,14.94
24-Oct-2018,24-Oct-2018,"CGST on Charge:Cash Wdl at other ATM/Inv2710181936",,1.80,,13.14
24-Oct-2018,24-Oct-2018,"SGST on Charge:Cash Wdl at other ATM/Inv2710181936",,1.80,,11.34
30-Oct-2018,30-Oct-2018,"NEFT/CMS944723497/JANALAKSHMI FINA/ICIC0000104",,,"47,896.00","47,907.34"
30-Oct-2018,30-Oct-2018,"IMPS-MOB/Fund Trf/830400310349/FINNOVATION DIS/Di",,,"7,198.00","55,105.34"
01-Nov-2018,01-Nov-2018,"ATM-NFS/CASH   WITHDRAWAL/+HIRANANDANI AKRUTI/830521",,"7,000.00",,"48,105.34"
01-Nov-2018,01-Nov-2018,"BILLPAY/RECH/IDEA PREPAID/183050619181/01112018",,179.00,,"47,926.34"
02-Nov-2018,02-Nov-2018,"CHQ Paid/000001/NANGARE/KURLA NAGARIK SAHAKARI BAN",1.0,"47,800.00",,126.34
04-Nov-2018,04-Nov-2018,"ATM-NFS/CASH WITHDRAWAL/+OPERA HOUSE/830813253300",,100.00,,26.34
07-Nov-2018,07-Nov-2018,APB-INW/HP644950 062482 0511,,,408.90,435.24
14-Nov-2018,14-Nov-2018,"ATM-NFS/CASH WITHDRAWAL/+UBI OPERAHOUSE/831816008",,400.00,,35.24
07-Dec-2018,07-Dec-2018,"BILLPAY/RECH/AIRTEL PREPA/183413123388/07122018",,10.00,,25.24
10-Dec-2018,10-Dec-2018,UPI/MOB/834417609963/Pest Control,,,"1,000.00","1,025.24"
10-Dec-2018,10-Dec-2018,"UPI/MOB/834417611491/Pest Control Pyment",,,"3,180.00","4,205.24"
11-Dec-2018,11-Dec-2018,"Charge:Annual Debit Card/Inv2711181990690691/01-NO",,100.00,,"4,105.24"
11-Dec-2018,11-Dec-2018,"CGST on Charge:Annual Debit Card/Inv27111819906906",,9.00,,"4,096.24"
11-Dec-2018,11-Dec-2018,"SGST on Charge:Annual Debit Card/Inv27111819906906",,9.00,,"4,087.24"
11-Dec-2018,11-Dec-2018,"ATM-NFS/CASH WITHDRAWAL/+BOB/834518004421",,"1,000.00",,"3,087.24"
12-Dec-2018,12-Dec-2018,"IMPS-RIB/Fund Trf/834618717058/Payfor the urgent",,"2,000.00",,"1,087.24"
15-Dec-2018,15-Dec-2018,APB-INW/HP644950 073902 1212,,,281.93,"1,369.17"
15-Dec-2018,15-Dec-2018,"IMPS-RIB/Fund Trf/834922868011/Payfor urgent",,"1,000.00",,369.17
17-Dec-2018,17-Dec-2018,"ATM-NFS/CASH WITHDRAWAL/+DONGRI OATM/835118002573",,200.00,,169.17
