Transaction Date,Value Date,Particulars,Cheque No.,Debit,Credit,Balance
22-Dec-2018,22-Dec-2018,"IMPS-INET/Fund Trf/835621299970/WHIZDMINNOVATIO/192755757354",,,1.00,170.17
23-Dec-2018,23-Dec-2018,"IMPS-MOB/Fund Trf/835700023503/RID-24 SP/Self",,,250.00,420.17
23-Dec-2018,23-Dec-2018,"ATM-NFS/CASH WITHDRAWAL/+NR DEONARCOLONY/83571202",,400.00,,20.17
23-Dec-2018,23-Dec-2018,"IMPS-MOB/Fund Trf/835718011933/FINNOVATION DIS/Disbursal KB181223RDEJE",,,"4,493.00","4,513.17"
23-Dec-2018,23-Dec-2018,"BILLPAY/RECH/VODAFONE PRE/183574158770/23122018",,509.00,,"4,004.17"
24-Dec-2018,24-Dec-2018,"ATM-NFS/CASH WITHDRAWAL/INDUSIND BANK LIMITED MUMB",,"3,000.00",,"1,004.17"
25-Dec-2018,25-Dec-2018,"ATM-NFS/CASH   WITHDRAWAL/+HIRANANDANI AKRUTI/835917",,"1,000.00",,4.17
27-Dec-2018,27-Dec-2018,"IMPS-MOB/Fund Trf/836114392688/MERITUS MEDIA P/FUND TRANSFER",,,"5,150.40","5,154.57"
28-Dec-2018,28-Dec-2018,"IMPS-RIB/Fund Trf/836217435262/Payfor accounts fees",,"4,000.00",,"1,154.57"
29-Dec-2018,29-Dec-2018,"ATM-NFS/CASH   WITHDRAWAL/+HIRANANDANI AKRUTI/836312",,"1,000.00",,154.57
30-Dec-2018,30-Dec-2018,POS-VISA/MANSI MEDICARE/836413978489,,80.00,,74.57
31-Dec-2018,31-Dec-2018,QUATERLY SAVINGS INTEREST CREDIT,,,24.00,98.57
01-Jan-2019,01-Jan-2019,"Charge:Cash Wdl at other ATM/Inv2712181250028541/2",,20.00,,78.57
01-Jan-2019,01-Jan-2019,"CGST on Charge:Cash Wdl at other ATM/Inv2712181250",,1.80,,76.77
01-Jan-2019,01-Jan-2019,"SGST on Charge:Cash Wdl at other ATM/Inv2712181250",,1.80,,74.97
10-Jan-2019,10-Jan-2019,"IMPS-BRC/Fund Trf/901020026064/Rahul /IMPS Txn",,,"2,200.00","2,274.97"
11-Jan-2019,11-Jan-2019,"IMPS-RIB/Fund Trf/901115217247/Payfor finance",,"2,000.00",,274.97
16-Jan-2019,16-Jan-2019,POS-VISA/MANSI MEDICARE/901615494119,,75.00,,199.97
19-Jan-2019,19-Jan-2019,POS-VISA/KARUN MEDICAL/901912248047,,80.00,,119.97
24-Jan-2019,24-Jan-2019,POS-VISA/MANSIMEDICARE/902417531476,,80.00,,39.97
30-Jan-2019,30-Jan-2019,UPI/MOB/903010763900/Salary,,,"3,410.00","3,449.97"
30-Jan-2019,30-Jan-2019,"POS-VISA/PHONEPE RECHARGE/903008195064",,349.00,,"3,100.97"
01-Feb-2019,01-Feb-2019,APB-INW/HP644950 088903 3001,,,167.34,"3,268.31"
01-Feb-2019,01-Feb-2019,"IMPS-RIB/Fund Trf/903302261711/Paymentforsavings",,500.00,,"2,768.31"
02-Feb-2019,02-Feb-2019,"POS-VISA/PRAKASH LUNCH HOME/903317451442",,288.00,,"2,480.31"
