Transaction Date,Value Date,Particulars,Cheque No.,Debit,Credit,Balance
30-Sep-2018,30-Sep-2018,"IMPS-MOB/Fund Trf/827315528457/FINNOVATION DIS/Di",,,"7,198.00","7,218.06"
30-Sep-2018,30-Sep-2018,QUATERLY SAVINGS INTEREST CREDIT,,,5.00,"7,223.06"
01-Oct-2018,01-Oct-2018,"ATM-NFS/CASH WITHDRAWAL/SHINDE BLDGBAZAR PETHWATE",,"2,000.00",,"5,223.06"
02-Oct-2018,02-Oct-2018,"ATM-NFS/CASH   WITHDRAWAL/+HIRANANDANI AKRUTI/827512",,"1,000.00",,"4,223.06"
02-Oct-2018,02-Oct-2018,"POS-VISA/THE BOMBAY SEEDS SUPPLMUMBAI/827509018014",,830.00,,"3,393.06"
02-Oct-2018,02-Oct-2018,"ATM-NFS/CASH WITHDRAWAL/INDUSIND BANK LIMITED MUMB",,500.00,,"2,893.06"
03-Oct-2018,03-Oct-2018,NACH/TP ACH Bajaj Finanac/129461980,,"1,584.00",,"1,309.06"
03-Oct-2018,03-Oct-2018,"ATM-NFS/CASH   WITHDRAWAL/+HIRANANDANI AKRUTI/827612",,500.00,,809.06
03-Oct-2018,03-Oct-2018,"ATM-NFS/CASH WITHDRAWAL/+NR DEONARCOLONY/82761900",,500.00,,309.06
04-Oct-2018,04-Oct-2018,"ATM-NFS/CASH WITHDRAWAL/+LALU BHAICOMP/8277230315",,200.00,,109.06
05-Oct-2018,05-Oct-2018,"ATM-NFS/CASH WITHDRAWAL/+LALU BHAICOMP/8278150286",,100.00,,9.06
10-Oct-2018,10-Oct-2018,APB-INW/HP644950 053723 0610,,,350.89,359.95
15-Oct-2018,15-Oct-2018,"IMPS-BRC/FundTrf/828820034548/gopal gopa/null",,,"3,000.00","3,359.95"
15-Oct-2018,15-Oct-2018,"IMPS-BRC/FundTrf/828820034546/gopal gopa/null",,,"5,000.00","8,359.95"
15-Oct-2018,15-Oct-2018,"POS-VISA/FINNOVATION TECH SOLUTNEWDELH/8288155904",,"8,204.21",,155.74
16-Oct-2018,16-Oct-2018,"IMPS-INET/Fund Trf/828912114643/RATNAMALA BHON/U",,,"5,500.00","5,655.74"
17-Oct-2018,17-Oct-2018,"ATM-NFS/CASH WITHDRAWAL/+DOCKYARD MAZGAON/82901710",,"2,000.00",,"3,655.74"
20-Oct-2018,20-Oct-2018,"Charge:Cash Wdl at other ATM/Inv2710181905826841/0",,20.00,,"3,635.74"
20-Oct-2018,20-Oct-2018,"CGST on Charge:Cash Wdl at other ATM/Inv2710181905",,1.80,,"3,633.94"
20-Oct-2018,20-Oct-2018,"SGST on Charge:Cash Wdl at other ATM/Inv2710181905",,1.80,,"3,632.14"
20-Oct-2018,20-Oct-2018,"POS-VISA/SHREENATHJI CAKE/829307945045",,750.00,,"2,882.14"
20-Oct-2018,20-Oct-2018,"ATM-NFS/CASH WITHDRAWAL/+BSEL TECHPARKVASHI/82931",,"2,800.00",,82.14
20-Oct-2018,20-Oct-2018,"Charge:Cash Wdl at other ATM/Inv2710181907118731/0",,20.00,,62.14
20-Oct-2018,20-Oct-2018,"CGST on Charge:Cash Wdl at other ATM/Inv2710181907",,1.80,,60.34
20-Oct-2018,20-Oct-2018,"SGST on Charge:Cash Wdl at other ATM/Inv2710181907",,1.80,,58.54
