Transaction Date,Value Date,Particulars,Cheque No.,Debit,Credit,Balance
31-Aug-2018,31-Aug-2018,"ATM-NFS/CASH WITHDRAWAL/+BOB/824315013476",,500.00,,"4,006.32"
01-Sep-2018,01-Sep-2018,POS-VISA/KARUN MEDICAL/824405792484,,75.00,,"3,931.32"
01-Sep-2018,01-Sep-2018,"ATM-NFS/CASH WITHDRAWAL/+DEONAR STROAD/8244112849",,500.00,,"3,431.32"
01-Sep-2018,01-Sep-2018,POS-VISA/MOBIKWIK/824416007647,,285.00,,"3,146.32"
02-Sep-2018,02-Sep-2018,"ATM-NFS/CASH WITHDRAWAL/+TATA NAGAR/824511007593",,500.00,,"2,646.32"
03-Sep-2018,03-Sep-2018,POS-VISA/MOBIKWIK/824604139262,,285.00,,"2,361.32"
03-Sep-2018,03-Sep-2018,NACH/TP ACH Bajaj Finanac/122175597,,"1,912.00",,449.32
04-Sep-2018,04-Sep-2018,POS-VISA/MOBIKWIK/824711501605,,285.00,,164.32
05-Sep-2018,05-Sep-2018,APB-INW/HP644950 041318 2708,,,268.63,432.95
05-Sep-2018,05-Sep-2018,"BILLPAY/RECH/VIDEOCON DTH/182486873315/05092018",,285.00,,147.95
05-Sep-2018,05-Sep-2018,"BILLPAY/RECHONREV/182486873315/05092018",,,285.00,432.95
05-Sep-2018,05-Sep-2018,"BILLPAY/RECH/VIDEOCON DTH/182486873393/05092018",,285.00,,147.95
07-Sep-2018,07-Sep-2018,"ATM-NFS/CASH WITHDRAWAL/+GOLD COINAPLOT NO/825014",,100.00,,47.95
12-Sep-2018,12-Sep-2018,"IMPS-BRC/Fund Trf/825519008950/Omaram Patel/null",,,1.00,48.95
12-Sep-2018,12-Sep-2018,"IMPS-BRC/Fund Trf/825519011169/gopal gopa/null",,,1.00,49.95
12-Sep-2018,12-Sep-2018,"IMPS-BRC/FundTrf/825519012774/gopal gopa/null",,,200.00,249.95
12-Sep-2018,12-Sep-2018,"IMPS-BRC/FundTrf/825519012772/gopal gopa/null",,,"5,000.00","5,249.95"
12-Sep-2018,12-Sep-2018,"POS-VISA/FINNOVATION TECH SOLUTNEWDELH/8255157419",,"5,127.89",,122.06
13-Sep-2018,13-Sep-2018,"IMPS-MOB/Fund Trf/825611324195/FINNOVATION DIS/Di",,,"4,493.00","4,615.06"
13-Sep-2018,13-Sep-2018,"IMPS-RIB/Fund Trf/825612996791/Emergency pay",,"4,500.00",,115.06
13-Sep-2018,13-Sep-2018,POS-VISA/MANSIMEDICAL/825610104558,,75.00,,40.06
18-Sep-2018,18-Sep-2018,"IMPS-MOB/FundTrf/826100014272/RID-24 SP/Parson",,,"9,000.00","9,040.06"
18-Sep-2018,18-Sep-2018,"BILLPAY/REGBIL/Reliance Ene/182617727909/18092018",,"8,320.00",,720.06
18-Sep-2018,18-Sep-2018,"ATM-NFS/CASH   WITHDRAWAL/+HIRANANDANI AKRUTI/826113",,500.00,,220.06
25-Sep-2018,25-Sep-2018,"ATM-NFS/CASH WITHDRAWAL/+LAMINGTONROAD OPERA MUMB",,200.00,,20.06
